101f
0f
1.0 0.0 0.0 0.0 0.803857 0.594823 0.0 -0.594823 0.803857 31.0829 2.92327 216.503
1f
1.0 0.0 0.0 0.0 0.803857 0.594823 0.0 -0.594823 0.803857 31.0829 2.92327 216.348
2f
1.0 0.0 0.0 0.0 0.803857 0.594823 0.0 -0.594823 0.803857 31.0829 2.92327 215.769
3f
1.0 0.0 0.0 0.0 0.803857 0.594823 0.0 -0.594823 0.803857 31.0829 2.92327 214.761
4f
1.0 0.0 0.0 0.0 0.803857 0.594823 0.0 -0.594823 0.803857 31.0829 2.92327 213.324
5f
1.0 0.0 0.0 0.0 0.803857 0.594823 0.0 -0.594823 0.803857 31.0829 2.92327 211.458
6f
1.0 0.0 0.0 0.0 0.803857 0.594823 0.0 -0.594823 0.803857 31.0829 2.92327 209.163
7f
1.0 0.0 0.0 0.0 0.803857 0.594823 0.0 -0.594823 0.803857 31.0829 2.92327 206.439
8f
1.0 0.0 0.0 0.0 0.803857 0.594823 0.0 -0.594823 0.803857 31.0829 2.92327 203.287
9f
1.0 0.0 0.0 0.0 0.803857 0.594823 0.0 -0.594823 0.803857 31.0829 2.92327 199.706
10f
1.0 0.0 0.0 0.0 0.803857 0.594823 0.0 -0.594823 0.803857 31.0829 2.92327 195.697
11f
1.0 0.0 0.0 0.0 0.803857 0.594823 0.0 -0.594823 0.803857 31.0829 2.92327 191.259
12f
1.0 0.0 0.0 0.0 0.803857 0.594823 0.0 -0.594823 0.803857 31.0829 2.92327 186.393
13f
1.0 0.0 0.0 0.0 0.803857 0.594823 0.0 -0.594823 0.803857 31.0829 2.92327 181.099
14f
1.0 0.0 0.0 0.0 0.803857 0.594823 0.0 -0.594823 0.803857 31.0829 2.92327 175.376
15f
1.0 0.0 0.0 0.0 0.803857 0.594823 0.0 -0.594823 0.803857 31.0829 2.92327 169.225
16f
1.0 0.0 0.0 0.0 0.803857 0.594823 0.0 -0.594823 0.803857 31.0829 2.92327 162.646
17f
1.0 0.0 0.0 0.0 0.803857 0.594823 0.0 -0.594823 0.803857 31.0829 2.92327 155.639
18f
1.0 0.0 0.0 0.0 0.803857 0.594823 0.0 -0.594823 0.803857 31.0829 2.92327 148.205
19f
1.0 0.0 0.0 0.0 0.803857 0.594823 0.0 -0.594823 0.803857 31.0829 2.92327 140.342
20f
0.999624 0.00294186 -0.0272759 0.0137233 0.80728 0.590009 0.023755 -0.590161 0.806936 31.8363 2.68938 134.186
21f
0.992942 0.0115883 -0.118035 0.0583401 0.818766 0.571156 0.103262 -0.57401 0.812311 34.3242 1.91823 132.462
22f
0.977969 0.0183952 -0.20794 0.100926 0.830288 0.54812 0.182733 -0.55703 0.810139 36.7636 1.15711 130.13
23f
0.954839 0.0233038 -0.296208 0.141112 0.841747 0.521104 0.261476 -0.539369 0.800444 39.1384 0.402046 127.193
24f
0.92376 0.0262735 -0.38207 0.178547 0.853042 0.490348 0.338805 -0.521181 0.783314 41.4329 -0.35098 123.658
25f
0.885005 0.0272783 -0.464781 0.212909 0.864075 0.45612 0.414047 -0.502624 0.758903 43.632 -1.10601 119.534
26f
0.838918 0.0263107 -0.543621 0.243898 0.874749 0.418721 0.486549 -0.483861 0.727426 45.7218 -1.86705 114.83
27f
0.786074 0.0231013 -0.617701 0.271885 0.884522 0.379076 0.555127 -0.465926 0.689019 47.9476 -2.79481 109.929
28f
0.72766 0.0159817 -0.685751 0.30351 0.889036 0.342778 0.615136 -0.457559 0.642065 51.2903 -4.51517 106.219
29f
0.663441 0.00783116 -0.748188 0.332973 0.892384 0.304598 0.670056 -0.451209 0.589436 54.5494 -6.29013 102.039
30f
0.59391 -0.000925492 -0.804531 0.358897 0.89529 0.26391 0.720045 -0.445482 0.532053 57.6628 -8.0829 97.3364
31f
0.519636 -0.0102161 -0.854326 0.381072 0.897731 0.221049 0.764697 -0.440425 0.470387 60.6227 -9.89425 92.1249
32f
0.484227 0.015082 -0.874813 0.382753 0.895452 0.2273 0.786781 -0.444902 0.427829 63.9832 -11.3037 90.8501
33f
0.452585 0.0444247 -0.890614 0.382818 0.89236 0.239049 0.805368 -0.449133 0.386862 67.3739 -12.646 89.6264
34f
0.420152 0.0738871 -0.904441 0.383329 0.888939 0.250694 0.822515 -0.452028 0.345166 70.739 -13.9659 87.9655
35f
0.387461 0.103891 -0.916014 0.384198 0.885032 0.262887 0.838013 -0.453789 0.303001 74.1029 -15.2734 85.9998
36f
0.355503 0.135301 -0.92483 0.385296 0.880272 0.27689 0.851566 -0.454768 0.260809 77.5147 -16.587 83.9765
37f
0.324036 0.167981 -0.931012 0.386827 0.874557 0.292429 0.863345 -0.454898 0.218408 80.9541 -17.8918 81.7272
38f
0.292773 0.201542 -0.9347 0.388941 0.867908 0.308967 0.873504 -0.454001 0.175712 84.4063 -19.183 79.1706
39f
0.262081 0.236569 -0.935601 0.391815 0.859902 0.327184 0.881926 -0.452331 0.132673 87.8928 -20.4651 76.357
40f
0.231899 0.273388 -0.933532 0.39575 0.850163 0.347282 0.888597 -0.449979 0.0889589 91.4236 -21.7411 73.3044
41f
0.201703 0.310324 -0.928986 0.400477 0.839441 0.367365 0.893831 -0.446136 0.0450398 94.9498 -22.9974 69.867
42f
0.172099 0.348705 -0.921296 0.406481 0.826777 0.388861 0.897304 -0.441412 0.000546101 98.5233 -24.2501 66.1605
43f
0.142875 0.387694 -0.910648 0.413667 0.812479 0.410801 0.899148 -0.435398 -0.0442934 102.117 -25.4896 62.1118
44f
0.113814 0.426101 -0.897488 0.42161 0.797267 0.431985 0.899606 -0.427556 -0.0889081 105.695 -26.7055 57.6453
45f
0.0849706 0.463738 -0.881888 0.430254 0.78124 0.452268 0.8987 -0.417865 -0.133143 109.254 -27.8972 52.7565
46f
0.0564192 0.500506 -0.863893 0.439575 0.764442 0.471596 0.896432 -0.406352 -0.176881 112.795 -29.0651 47.4471
47f
0.0282362 0.536308 -0.84355 0.449548 0.746917 0.48992 0.89281 -0.393049 -0.220006 116.318 -30.2097 41.7186
48f
-0.00933422 0.572597 -0.819784 0.471262 0.725585 0.501435 0.881944 -0.381653 -0.276616 120.01 -31.4677 35.7439
49f
-0.0521078 0.608818 -0.791597 0.500733 0.701756 0.50676 0.864032 -0.369973 -0.341422 123.777 -32.7731 29.4678
50f
-0.0931305 0.643787 -0.759516 0.530355 0.677679 0.509388 0.842645 -0.355374 -0.404548 127.485 -34.0301 22.7809
51f
-0.132195 0.677327 -0.723708 0.559978 0.653475 0.509308 0.817893 -0.337932 -0.465674 131.136 -35.2396 15.6886
52f
-0.169108 0.709272 -0.684351 0.589454 0.629267 0.506524 0.789903 -0.317736 -0.524497 134.732 -36.4026 8.19615
53f
-0.203684 0.73946 -0.641647 0.618636 0.605176 0.50105 0.758816 -0.29489 -0.580722 138.273 -37.5203 0.308588
54f
-0.235752 0.767743 -0.595812 0.647378 0.581322 0.492916 0.724791 -0.269509 -0.634068 141.763 -38.5941 -7.96918
55f
-0.265152 0.793978 -0.547077 0.675536 0.557825 0.482165 0.688001 -0.241723 -0.684269 145.203 -39.6259 -16.6324
56f
-0.291738 0.818035 -0.495689 0.702969 0.534803 0.468851 0.648632 -0.211672 -0.731075 148.596 -40.6174 -25.6767
57f
-0.315379 0.839794 -0.441907 0.72954 0.512369 0.453044 0.606883 -0.179508 -0.774254 151.945 -41.5709 -35.0976
58f
-0.335957 0.859148 -0.386001 0.755118 0.490637 0.434824 0.562965 -0.145394 -0.813591 155.253 -42.4884 -44.8913
59f
-0.353373 0.876001 -0.328252 0.779575 0.469714 0.414284 0.517098 -0.1095 -0.848893 158.523 -43.3726 -55.0541
60f
-0.367539 0.890269 -0.268953 0.802789 0.449706 0.391529 0.469516 -0.0720104 -0.879983 161.758 -44.2261 -65.5824
61f
-0.378387 0.901883 -0.2084 0.824645 0.43071 0.366673 0.420456 -0.0331114 -0.906709 164.962 -45.0515 -76.473
62f
-0.385866 0.910785 -0.146896 0.845036 0.412822 0.339842 0.370165 0.00700065 -0.92894 168.14 -45.8519 -87.7234
63f
-0.389938 0.916933 -0.0847504 0.86386 0.396129 0.311172 0.318896 0.0481252 -0.946567 171.294 -46.6303 -99.3311
64f
-0.390586 0.920297 -0.0222736 0.881024 0.380715 0.280806 0.266905 0.0900554 -0.959506 174.428 -47.3897 -111.294
65f
-0.38781 0.920862 0.0402218 0.896445 0.366655 0.248898 0.214453 0.132582 -0.967694 177.547 -48.1335 -123.61
66f
-0.381624 0.918625 0.102423 0.910046 0.35402 0.215607 0.161803 0.17549 -0.971094 180.655 -48.8649 -136.279
67f
-0.372061 0.913602 0.16402 0.92176 0.34287 0.181102 0.109217 0.218568 -0.969691 183.756 -49.5873 -149.298
68f
-0.359172 0.905816 0.224705 0.931531 0.333262 0.145553 0.0569584 0.261599 -0.963495 186.854 -50.3041 -162.669
69f
-0.343023 0.895309 0.284177 0.939312 0.32524 0.109139 0.00528771 0.304368 -0.95254 189.953 -51.0187 -176.389
70f
-0.323696 0.882135 0.342139 0.945065 0.318846 0.0720432 -0.0455376 0.346663 -0.936884 193.057 -51.7345 -190.46
71f
-0.301289 0.86636 0.398303 0.948762 0.314108 0.0344491 -0.0952646 0.388274 -0.916607 196.171 -52.455 -204.882
72f
-0.275916 0.848065 0.45239 0.950388 0.311049 -0.00345568 -0.143646 0.428992 -0.891813 199.299 -53.1835 -219.656
73f
-0.247705 0.827342 0.504131 0.949934 0.309685 -0.0414819 -0.190442 0.468616 -0.86263 202.445 -53.9235 -234.783
74f
-0.216798 0.804294 0.553271 0.947405 0.31002 -0.0794403 -0.235419 0.506949 -0.829205 205.612 -54.6781 -250.265
75f
-0.183351 0.77904 0.599566 0.942815 0.312052 -0.117143 -0.278355 0.543801 -0.791706 208.804 -55.4506 -266.104
76f
-0.147533 0.751705 0.642786 0.936189 0.31577 -0.154402 -0.319038 0.57899 -0.750324 212.026 -56.2441 -282.303
77f
-0.109521 0.722425 0.682721 0.927559 0.321154 -0.191033 -0.357265 0.612342 -0.705265 215.28 -57.0616 -298.863
78f
-0.0695074 0.691348 0.719171 0.916972 0.328175 -0.226855 -0.39285 0.643691 -0.656758 218.57 -57.9059 -315.789
79f
-0.0276919 0.658629 0.751958 0.90448 0.3368 -0.26169 -0.425616 0.672884 -0.605044 221.9 -58.7799 -333.083
80f
0.0157168 0.624431 0.780921 0.890147 0.346983 -0.295366 -0.455402 0.699777 -0.550382 225.271 -59.6861 -350.748
81f
0.060503 0.588926 0.805919 0.874046 0.358672 -0.327717 -0.482062 0.724238 -0.493047 228.688 -60.627 -368.79
82f
0.106442 0.552289 0.82683 0.856256 0.37181 -0.358584 -0.505465 0.746147 -0.433325 232.151 -61.6047 -387.211
83f
0.153306 0.514703 0.843551 0.836869 0.38633 -0.387815 -0.525498 0.765396 -0.371512 235.664 -62.6214 -406.017
84f
0.200861 0.476355 0.856003 0.815979 0.402159 -0.415266 -0.542063 0.781892 -0.307918 239.229 -63.6789 -425.211
85f
0.248872 0.437435 0.864126 0.793694 0.419218 -0.440802 -0.555079 0.795555 -0.242858 242.847 -64.7789 -444.799
86f
0.297099 0.398137 0.867882 0.770123 0.437422 -0.464299 -0.564485 0.806318 -0.176656 246.521 -65.9229 -464.785
87f
0.345305 0.358654 0.867255 0.745383 0.45668 -0.485641 -0.570236 0.814132 -0.109641 250.25 -67.112 -485.175
88f
0.393249 0.319184 0.862251 0.719599 0.476897 -0.504724 -0.572305 0.818957 -0.0421452 254.036 -68.3472 -505.973
89f
0.440695 0.279921 0.852897 0.692898 0.497971 -0.521457 -0.570685 0.820773 0.025497 257.881 -69.6294 -527.185
90f
0.487407 0.241059 0.839241 0.665413 0.519799 -0.535756 -0.565385 0.819573 0.0929497 261.783 -70.959 -548.815
91f
0.533155 0.20279 0.821353 0.63728 0.542271 -0.547555 -0.556435 0.815364 0.159881 265.743 -72.3364 -570.87
92f
0.577714 0.165302 0.799326 0.608639 0.565276 -0.556795 -0.54388 0.808169 0.225958 269.761 -73.7616 -593.354
93f
0.620863 0.128782 0.773269 0.579631 0.588702 -0.563434 -0.527785 0.798026 0.290858 273.837 -75.2345 -616.272
94f
0.662391 0.0934068 0.743312 0.5504 0.612431 -0.56744 -0.508231 0.784986 0.354258 277.969 -76.7546 -639.631
95f
0.702092 0.0593524 0.709608 0.521089 0.636348 -0.568795 -0.485317 0.769116 0.415847 282.157 -78.3214 -663.434
96f
0.739772 0.0267856 0.672324 0.491844 0.660333 -0.567495 -0.459158 0.750496 0.475321 286.398 -79.9338 -687.688
97f
0.775246 -0.00413401 0.631646 0.462809 0.684268 -0.563547 -0.429886 0.729219 0.532389 290.693 -81.5908 -712.396
98f
0.808339 -0.033255 0.587777 0.434126 0.708037 -0.556972 -0.397646 0.705392 0.586771 295.038 -83.2911 -737.563
99f
0.838891 -0.0604344 0.540935 0.405937 0.731522 -0.547806 -0.362599 0.679135 0.638199 299.431 -85.0332 -763.195
100f
0.86675 -0.0855401 0.491352 0.378379 0.754607 -0.536094 -0.32492 0.650577 0.686423 303.871 -86.8153 -789.295
